0005
0006
0008
0023
0033
0046
0051
0063
0068
0089
0095
0104
0109
0120
0133
0150
0168
0189
0192
0201
0204
0211
0213
0215
0219
0221
0223
0225
0232
0243
0249
0272
0287
0290
0303
0324
0325
0346
0348
0351
0396
0399
0402
0410
0412
0413
0429
0450
0463
0471
0476
0494
0505
0508
0542
0574
0575
0576
0581
0602
0617
0620
0624
0631
0633
0634
0638
0644
0663
0718
0720
0762
0771
0781
0783
0788
0818
0822
0831
0836
0850
0865
0884
0892
0894
0896
0904
0918
0925
0940
0946
0952
0958
0959
0967
0971
0976
0989
0994
1005
1008
1013
1034
1064
1081
1088
1089
1093
1095
1098
1103
1107
1128
1131
1138
1139
1144
1146
1147
1156
1164
1168
1179
1184
1203
1207
1212
1233
1268
1276
1306
1315
1327
1338
1346
1357
1365
1366
1380
1381
1394
1398
1412
1422
1425
1437
1444
1448
1449
1457
1458
1481
1514
1518
1522
1527
1528
1538
1544
1552
1572
1574
1581
1594
1598
1601
1610
1659
1661
1672
1676
1685
1689
1695
1706
1717
1721
1734
1736
1752
1762
1768
1772
1773
1776
1778
1798
1804
1810
1815
1833
1866
1888
1898
1904
1914
1922
1923
1937
1950
1953
1968
1972
2000
2033
2038
2039
2044
2048
2062
2064
2065
2094
2111
2132
2133
2142
2161
2184
2198
2205
2210
2217
2254
2277
2294
2326
2331
2343
2350
2351
2370
2387
2393
2401
2407
2444
2447
2459
2463
2466
2470
2493
2499
2505
2516
2541
2562
2563
2572
2585
2615
2626
2631
2642
2648
2671
2708
2717
2718
2736
2737
2740
2742
2750
2753
2764
2767
2770
2777
2790
2810
2815
2819
2830
2832
2840
2842
2854
2859
2860
2868
2875
2891
2900
2904
2915
2921
2928
2935
2938
2966
2968
2973
2986
2988
2998
3001
3009
3022
3024
3028
3037
3043
3075
3104
3147
3164
3166
3172
3176
3182
3188
3191
3198
3221
3226
3228
3230
3236
3241
3249
3255
3260
3265
3268
3269
3270
3271
3278
3286
3299
3300
3303
3320
3325
3327
3341
3351
3372
3391
3396
3399
3401
3403
3418
3420
3423
3436
3463
3469
3481
3484
3496
3511
3522
3533
3542
3552
3556
3558
3563
3574
3578
3579
3594
3600
3605
3606
3607
3609
3614
3622
3627
3630
3640
3644
3651
3666
3720
3724
3729
3738
3765
3780
3784
3788
3792
3804
3814
3818
3846
3847
3848
3851
3855
3890
3898
3901
3915
3953
3954
3969
3973
3980
3985
3987
4004
4008
4011
4012
4016
4019
4028
4030
4034
4062
4066
4080
4084
4086
4088
4097
4099
4102
4113
4118
4122
4138
4175
4183
4193
4203
4206
4209
4223
4229
4235
4238
4252
4267
4285
4289
4298
4316
4322
4341
4345
4357
4366
4385
4390
4393
4400
4423
4435
4441
4444
4445
4446
4448
4457
4475
4500
4501
4508
4512
4515
4516
4523
4529
4536
4547
4587
4608
4629
4638
4642
4647
4650
4658
4663
4721
4730
4733
4747
4754
4763
4801
4816
4817
4835
4837
4845
4863
4865
4878
4886
4889
4892
4903
4904
4980
5018
5020
5027
5032
5048
5049
5060
5076
5092
5101
5114
5120
5148
5151
5161
5162
5163
5175
5177
5202
5205
5212
5235
5247
5254
5263
5282
5283
5306
5311
5334
5337
5343
5345
5355
5361
5366
5388
5397
5406
5409
5417
5422
5423
5454
5458
5468
5477
5509
5528
5544
5558
5566
5584
5587
5592
5593
5599
5617
5626
5655
5661
5674
5681
5688
5716
5731
5732
5766
5775
5780
5783
5820
5821
5824
5833
5849
5852
5855
5869
5899
5916
5949
5966
5967
5968
5978
6002
6007
6015
6019
6025
6039
6042
6043
6056
6067
6089
6105
6118
6121
6130
6138
6158
6171
6182
6196
6198
6203
6217
6220
6228
6233
6271
6296
6304
6327
6328
6329
6337
6346
6369
6378
6380
6383
6387
6416
6417
6427
6431
6438
6441
6447
6461
6480
6510
6516
6526
6528
6534
6538
6540
6571
6582
6591
6594
6600
6605
6608
6610
6615
6618
6643
6644
6646
6651
6659
6664
6669
6672
6679
6682
6685
6695
6699
6717
6725
6756
6760
6774
6775
6777
6783
6798
6801
6802
6810
6847
6851
6855
6856
6864
6874
6882
6884
6891
6903
6920
6922
6929
6930
6933
6953
6967
6995
7034
7061
7078
7084
7097
7102
7112
7113
7117
7127
7130
7140
7169
7189
7194
7208
7218
7220
7226
7229
7230
7236
7268
7269
7278
7285
7286
7289
7295
7307
7318
7343
7344
7347
7360
7364
7380
7393
7395
7411
7454
7461
7469
7475
7501
7506
7520
7524
7529
7542
7561
7564
7576
7579
7609
7611
7614
7626
7632
7664
7667
7670
7686
7703
7707
7712
7727
7740
7752
7759
7761
7766
7798
7804
7811
7827
7835
7840
7841
7858
7872
7881
7884
7889
7902
7920
7923
7933
7961
7998
8044
8046
8053
8066
8083
8087
8092
8094
8100
8103
8113
8115
8137
8151
8157
8159
8160
8172
8174
8238
8258
8264
8268
8280
8292
8301
8304
8331
8333
8338
8347
8353
8355
8362
8363
8365
8396
8404
8409
8411
8421
8433
8452
8463
8465
8469
8474
8508
8513
8514
8524
8528
8554
8563
8569
8577
8582
8612
8629
8638
8645
8659
8668
8692
8708
8709
8712
8734
8744
8745
8746
8755
8765
8767
8773
8806
8810
8833
8853
8855
8856
8874
8893
8926
8927
8931
8935
8938
8943
8947
8987
8993
8995
8997
8999
9011
9022
9024
9028
9034
9036
9048
9052
9077
9084
9086
9093
9104
9109
9113
9114
9117
9130
9143
9164
9175
9180
9182
9186
9188
9198
9205
9208
9221
9227
9232
9233
9237
9275
9303
9305
9314
9316
9333
9338
9339
9342
9352
9371
9389
9410
9413
9431
9437
9439
9444
9445
9461
9481
9498
9515
9541
9552
9556
9560
9565
9571
9595
9605
9608
9618
9627
9638
9640
9645
9657
9661
9670
9674
9702
9710
9730
9753
9755
9756
9760
9767
9780
9788
9794
9798
9800
9804
9821
9829
9830
9836
9849
9862
9866
9871
9877
9882
9883
9896
9904
9912
9915
9919
9922
9929
9932
9939
9940
9948
9949
9953
9966
9984
9992
9996
9998